<?xml version="1.0"?>
<opencv_storage>
<calibration_time>"Tue Feb  2 18:32:01 2021"</calibration_time>
<nr_of_frames>35</nr_of_frames>
<image_width>640</image_width>
<image_height>480</image_height>
<board_width>9</board_width>
<board_height>6</board_height>
<square_size>75.</square_size>
<fix_aspect_ratio>1.</fix_aspect_ratio>
<!-- flags: +fix_aspectRatio +fix_principal_point +zero_tangent_dist -->
<flags>14</flags>
<fisheye_model>0</fisheye_model>
<camera_matrix type_id="opencv-matrix">
  <rows>3</rows>
  <cols>3</cols>
  <dt>d</dt>
  <data>
    2.4362906771270741e+03 0. 3.1950000000000000e+02 0.
    2.4362906771270741e+03 2.3950000000000000e+02 0. 0. 1.</data></camera_matrix>
<distortion_coefficients type_id="opencv-matrix">
  <rows>5</rows>
  <cols>1</cols>
  <dt>d</dt>
  <data>
    -6.5234947863368642e-01 3.6380404362727205e+01 0. 0.
    -7.3605938521280825e+02</data></distortion_coefficients>
<avg_reprojection_error>3.8688371285105877e-01</avg_reprojection_error>
<per_view_reprojection_errors type_id="opencv-matrix">
  <rows>35</rows>
  <cols>1</cols>
  <dt>f</dt>
  <data>
    1.56873554e-01 4.27524120e-01 5.11108935e-01 7.36334622e-01
    5.52080810e-01 3.41529906e-01 4.45260167e-01 6.36475503e-01
    2.16443390e-01 3.12213719e-01 2.97942638e-01 2.51567841e-01
    3.12407017e-01 2.48686865e-01 4.35102612e-01 6.82704389e-01
    7.74210870e-01 8.11040580e-01 7.28195548e-01 1.05676502e-01
    8.79443288e-02 6.82803988e-02 8.18911865e-02 1.41590133e-01
    9.91112962e-02 2.10132077e-01 9.96009335e-02 1.36628002e-01
    1.27595529e-01 1.53895661e-01 1.32721439e-01 1.13936909e-01
    2.08530962e-01 2.10143194e-01 1.15723573e-01</data></per_view_reprojection_errors>
<!-- a set of 6-tuples (rotation vector + translation vector) for each view -->
<extrinsic_parameters type_id="opencv-matrix">
  <rows>35</rows>
  <cols>6</cols>
  <dt>d</dt>
  <data>
    -5.9146412898791280e-02 -6.6411905906647792e-02
    -4.5074422947381215e-03 -3.3521357999113877e+02
    -9.6953943002755693e+01 4.0140788553405205e+03
    -9.1721771319218812e-02 -4.4098606158991482e-01
    1.7244510197588585e-02 -2.9244674600993193e+02
    -1.0682552239646310e+02 3.9173067626370489e+03
    -5.3433650849705021e-02 -7.9523822792070675e-01
    1.6359049938424356e-02 -2.0813698205124541e+02
    -9.9402082893793676e+01 3.7972824058064548e+03
    -1.0288700960248935e-01 -8.0295620380275445e-01
    7.2000946532284425e-03 -1.6125041977116882e+02
    -8.6408010950590196e+01 3.8016853296305644e+03
    -1.4225661868902514e-01 -4.6419925704253334e-01
    -7.4388375502629032e-03 -2.4684779422897913e+02
    -8.6037813746494251e+01 3.8847949170719048e+03
    -1.2654461361452857e-01 5.7539592839133635e-01
    -4.9778638437334558e-02 -2.7599311702955862e+02
    -4.9788867834995280e+01 4.2167517624868851e+03
    -1.3073115947027547e-01 8.4736506572143422e-01
    -5.5667438796685044e-02 -2.4712670024820142e+02
    -4.0692383812694025e+01 4.3015115253331687e+03
    -1.5044106198155396e-01 1.0423961799404158e+00
    -5.4321666733384413e-02 -2.0890794705802085e+02
    -3.1694970204469790e+01 4.3341628168614043e+03
    -5.8024309189450535e-02 -8.8488622085807822e-02
    -3.6511312475388441e-02 -3.2113067096285391e+02
    -1.0936678624121204e+02 3.4730493103877980e+03
    2.2537846598523498e-02 -1.2721553755239855e-02
    -1.8830748175446275e-03 -3.1896855797984819e+02
    -2.0984898979584628e+02 3.4236102784450036e+03
    1.3359038376902967e-02 -5.6123770720077508e-02
    3.8340603253405707e-02 -2.7144108129647122e+02
    -2.0697539713088901e+02 3.4199271291202817e+03
    -1.4037787747329569e-02 -8.6691514013485599e-02
    2.4723868763560405e-02 -2.7811904397706138e+02
    -1.3335136477575949e+02 3.4324947457602129e+03
    -1.5191395656840733e-02 -6.7817302246819963e-02
    1.9174173204134254e-02 -2.6438188100387549e+02
    -1.6531230321979984e+02 3.0589905017045689e+03
    -8.5611610883280231e-02 5.0453105062152304e-01
    1.0775763833407911e-02 -2.7173019634126217e+02
    -1.8211463637439584e+02 3.2378056005310173e+03
    -6.9843390673579475e-02 7.9795117930416193e-01
    -2.7077814932771001e-02 -2.4949130886760850e+02
    -1.6778949026074019e+02 3.3117577484515245e+03
    -1.0615553723793118e-01 1.0747064106870765e+00
    -3.4938926476720200e-02 -2.0688946503642595e+02
    -1.4150649127487756e+02 3.4003549969562005e+03
    -1.3000191069944722e-01 -6.0110431516122087e-01
    1.8467693730236549e-02 -2.8028292293406406e+02
    -1.8912926004410394e+02 2.8368468395995819e+03
    -1.3595670201365859e-01 -8.4956312783709897e-01
    3.3276936432724488e-02 -2.0273388179469751e+02
    -1.9710964002216255e+02 2.7830699803004782e+03
    -1.3367014867949867e-01 -1.1277016588131266e+00
    4.9981648644626384e-02 -1.1031916026458124e+02
    -2.0207497702432934e+02 2.7723009387979073e+03
    -9.6630384899412669e-02 -6.9372893000753069e-02
    2.6253110482739343e-03 -3.6684048416871877e+02
    -4.8486176439626441e+01 5.1302761095997603e+03
    -7.9323779702404729e-02 -3.0962954514452062e-02
    -2.3820136588225200e-02 -3.9487074359374088e+02
    -1.9174079490940167e+02 5.1198911956508164e+03
    -1.6086545245825371e-02 -1.1999398128663885e-02
    -6.4669876231901197e-03 -3.9820030108142845e+02
    -2.9762703754254107e+02 5.0909733779412245e+03
    -4.6597448108899951e-02 2.1357908740510315e-02
    -9.5756508611903011e-03 -1.5783110483607882e+02
    -2.0838138874687357e+02 5.1266280349430599e+03
    -3.1597269210527135e-02 5.4264092068511217e-02
    -2.6102695098669158e-02 -2.0191105907908909e+02
    -9.8721010787393311e+01 5.1177554709051592e+03
    -1.1225047874692869e-01 -2.5205514680551322e-02
    -4.8823832181882368e-02 -2.0844324320101023e+02
    6.3946034793283628e+00 5.1269051746430114e+03 3.0937242950796171e-02
    -1.9847430524032039e-02 -2.4980959515517171e-02
    -2.3700355356076298e+02 -3.6647921712107905e+02
    5.0406294560615297e+03 -4.7234580353023234e-03
    -6.4754636000750154e-02 -1.2900780163111674e-02
    -7.2737918533299279e+01 -3.5604010203149119e+02
    5.0270999926236218e+03 -3.1121173292650239e-02
    -3.8041004373441920e-02 -1.2739999793504634e-02
    -7.3995186264752277e+01 -2.6203341451113482e+02
    5.0069204795735332e+03 -8.1009753801147610e-02
    -8.0255578713262180e-02 1.7839756023538090e-02
    -6.3823395187506122e+01 -1.7254408191312658e+02
    5.0341168240553861e+03 -2.1195093626230347e-02
    -6.0387411815085196e-02 3.8806221383112717e-02
    -5.8147101199991241e+01 -5.4900108594068815e+00
    5.0879677606031610e+03 -1.2139749507875922e-02
    6.5660696819129061e-02 -5.7185632416268828e-01
    -3.6635211217331721e+02 2.1042389398471983e+01
    5.1294362302055188e+03 2.1133606189315143e-02 5.7962640251118316e-02
    -8.9226802886353174e-01 -3.4478939210845647e+02
    1.2256811881622819e+02 5.1123347237522803e+03 6.1830316743989804e-02
    1.4899497092336972e-01 5.8866635462488881e-01
    -1.7365561356067491e+02 -3.4665205094615186e+02
    5.1310303803040688e+03 2.5939749884944848e-02 9.3876860536103959e-02
    9.1988375878756878e-01 1.4292727402544577e+01
    -3.6959674302320627e+02 5.1090904214353268e+03
    -1.7940434412694897e-01 1.6143285339629585e-02
    -6.3854354338815103e-02 -4.9173219419558711e+02
    -2.4729360984086505e+01 5.1409837339183232e+03</data></extrinsic_parameters>
