<?xml version="1.0"?>
<opencv_storage>
<calibration_time>"Sat May 22 17:36:20 2021"</calibration_time>
<nr_of_frames>25</nr_of_frames>
<image_width>1920</image_width>
<image_height>1080</image_height>
<board_width>9</board_width>
<board_height>6</board_height>
<square_size>75.</square_size>
<fix_aspect_ratio>1.</fix_aspect_ratio>
<!-- flags: +fix_aspectRatio +fix_principal_point +zero_tangent_dist -->
<flags>14</flags>
<fisheye_model>0</fisheye_model>
<camera_matrix type_id="opencv-matrix">
  <rows>3</rows>
  <cols>3</cols>
  <dt>d</dt>
  <data>
    1.7244737278741909e+03 0. 9.5950000000000000e+02 0.
    1.7244737278741909e+03 5.3950000000000000e+02 0. 0. 1.</data></camera_matrix>
<distortion_coefficients type_id="opencv-matrix">
  <rows>5</rows>
  <cols>1</cols>
  <dt>d</dt>
  <data>
    6.9072431749541738e-02 -5.5775804292287501e-01 0. 0.
    2.6202230078738808e+00</data></distortion_coefficients>
<avg_reprojection_error>1.6660302273777994e-01</avg_reprojection_error>
<per_view_reprojection_errors type_id="opencv-matrix">
  <rows>25</rows>
  <cols>1</cols>
  <dt>f</dt>
  <data>
    2.93252319e-01 2.09194615e-01 1.98163107e-01 1.69190943e-01
    1.61922276e-01 1.21115208e-01 9.10980403e-02 1.21095859e-01
    1.14963442e-01 1.16698645e-01 1.61949113e-01 1.89053819e-01
    2.36511201e-01 1.68024123e-01 1.89461708e-01 1.58450752e-01
    1.65234372e-01 1.46057174e-01 1.39479086e-01 1.34805709e-01
    1.05505235e-01 9.80539694e-02 1.84679955e-01 1.25900015e-01
    2.03637674e-01</data></per_view_reprojection_errors>
<!-- a set of 6-tuples (rotation vector + translation vector) for each view -->
<extrinsic_parameters type_id="opencv-matrix">
  <rows>25</rows>
  <cols>6</cols>
  <dt>d</dt>
  <data>
    -1.4118140428704390e-01 -2.8140845194362794e-02
    -1.9364632423563094e-02 -4.0168320280215067e+02
    -1.8623732385409957e+02 1.1808067562536123e+03
    -2.6791348430893819e-01 -3.8583059525506655e-02
    -5.2437539727478492e-02 -4.0011985929770765e+02
    -6.6586690914916161e+01 1.6213027833185231e+03
    -5.9370032330562583e-01 3.8218712543431829e-02
    1.5696674757829515e-01 -2.9620173730045667e+02
    -1.1738169458178004e+02 1.5886279324537281e+03
    -5.2213553586736761e-01 -1.8086037677020123e-01
    -4.1680367507542221e-01 -3.6253387317761138e+02
    -6.1809465433696197e+01 1.5015234168326160e+03
    -4.4821314801688350e-01 -3.5992356297411882e-01
    -8.8150546099841787e-01 -3.0934663640433763e+02
    1.0418838487448165e+01 1.4483318688160678e+03
    -6.4561546282300430e-01 1.8983952015372305e-01
    6.6158131349181570e-01 -1.6210339472839561e+01
    -3.1954967705196776e+02 1.8929862259756105e+03
    -8.4260034910669390e-01 4.1940567669060558e-01
    8.7153768048123303e-01 6.7528554748386895e+01
    -2.4000164341636858e+02 2.6188377193645006e+03
    -8.1894772550590944e-01 5.3509908302594111e-01
    1.2167754892766514e+00 -4.0902952204854046e+01
    -2.2237665568903648e+02 2.5951098106440727e+03
    -6.4974625729965751e-01 5.7469070386346033e-01
    1.4213190498852222e+00 -2.1591492056359108e+01
    -2.0111408064944831e+02 2.4070736020480263e+03
    -7.8476694195863839e-01 7.0574182419999332e-01
    1.4214939035545238e+00 -1.4091736011442026e+02
    -1.9183612689893985e+02 3.1580663584664185e+03
    -8.5187975879849120e-01 4.7894838373878162e-01
    8.7923971265458922e-01 1.2421255822229520e+01
    -1.6658225779042678e+02 2.6216572466935745e+03
    -7.6597386265998635e-01 3.4803928021368868e-01
    7.4154390513429658e-01 -1.7591717899489694e+02
    -3.4067945590342742e+02 1.4459318675267064e+03
    -7.8273137850339458e-01 7.8399014537913270e-01
    1.4190803754701835e+00 2.1566365881739901e+02
    -2.1131771405352430e+02 1.5024885138663208e+03
    -8.4120887760091179e-01 2.2029331824654355e-01
    3.2070702025075937e-01 -2.6703472775840788e+02
    -2.7095286714960127e+02 1.3941541506275382e+03
    -1.0398317954253087e+00 3.0913436651386278e-01
    3.5001771132264275e-01 -2.7386814319161317e+02
    -1.1414671962622923e+02 1.5030285734772317e+03
    -1.0781115616277486e+00 3.5192742935606225e-01
    3.6058453882458397e-01 -2.2150279144893233e+02
    -9.7859143866256900e+01 1.4913124794712242e+03
    -7.2794405091974412e-01 8.1648280429937242e-02
    2.0879599182432670e-01 -3.1649295789533181e+02
    -1.9980864373575318e+02 1.8313032404508770e+03
    -9.3338864008114619e-01 -1.9822250265147623e-01
    -3.1698359771517565e-01 -3.7636350176769804e+02
    -8.9640085596064992e+01 1.2343003099774012e+03
    -1.0236523587054696e+00 -1.9694615862792805e-01
    -3.2817305441971156e-01 -3.4900372595568535e+02
    -7.1782295354978231e+01 1.2706907755494158e+03
    -9.0627716490965726e-01 1.4653401886610726e-01
    4.0822227032585606e-01 -1.2461187655719984e+02
    -3.5020780201742085e+01 2.2145883610085148e+03
    -8.7449739317014552e-01 1.9506877777623272e-01
    4.3064308277415536e-01 -1.6633743189116447e+02
    -2.0383587042578196e+02 2.4676131377464262e+03
    -8.6297176324000147e-01 2.0915936871263552e-01
    4.3889110276056198e-01 -1.7548488768952473e+02
    -2.1810704641178063e+02 2.4876948881642847e+03
    -5.6104432309704899e-01 -8.2771087416768127e-02
    -1.7281742345520085e-01 -2.7402748167738071e+02
    -6.2832672302042930e+01 1.5152500460698930e+03
    -4.8734849899070382e-01 -2.9003376041476081e-01
    -8.0072966863920247e-01 -2.9322604614846284e+02
    2.9768029247339157e+01 1.4459759053352193e+03
    -5.4223639668894286e-01 -2.7132362054693987e-01
    -4.1298484941692537e-01 -2.3174968527339871e+02
    -8.6717265482048560e+01 1.5457200453436340e+03</data></extrinsic_parameters>
