<?xml version="1.0"?>
<opencv_storage>
<calibration_time>"Sat May 22 17:28:39 2021"</calibration_time>
<nr_of_frames>25</nr_of_frames>
<image_width>1920</image_width>
<image_height>1080</image_height>
<board_width>9</board_width>
<board_height>6</board_height>
<square_size>75.</square_size>
<fix_aspect_ratio>1.</fix_aspect_ratio>
<!-- flags: +fix_aspectRatio +fix_principal_point +zero_tangent_dist -->
<flags>14</flags>
<fisheye_model>0</fisheye_model>
<camera_matrix type_id="opencv-matrix">
  <rows>3</rows>
  <cols>3</cols>
  <dt>d</dt>
  <data>
    1.7310214716654609e+03 0. 9.5950000000000000e+02 0.
    1.7310214716654609e+03 5.3950000000000000e+02 0. 0. 1.</data></camera_matrix>
<distortion_coefficients type_id="opencv-matrix">
  <rows>5</rows>
  <cols>1</cols>
  <dt>d</dt>
  <data>
    6.1049445222439089e-02 -2.0711271518149509e-02 0. 0.
    -7.6698782710486330e-02</data></distortion_coefficients>
<avg_reprojection_error>2.0843810471389435e-01</avg_reprojection_error>
<per_view_reprojection_errors type_id="opencv-matrix">
  <rows>25</rows>
  <cols>1</cols>
  <dt>f</dt>
  <data>
    2.45597392e-01 2.27280021e-01 2.15417400e-01 2.49339134e-01
    2.25714818e-01 1.85356110e-01 1.69090986e-01 2.68669039e-01
    1.76441535e-01 1.54693827e-01 2.24062935e-01 2.54525155e-01
    2.98402339e-01 2.39612460e-01 2.21322849e-01 2.44969085e-01
    2.30534300e-01 2.40667805e-01 1.86653301e-01 1.36915877e-01
    1.26489013e-01 1.22555524e-01 1.33069217e-01 1.62415564e-01
    1.19475693e-01</data></per_view_reprojection_errors>
<!-- a set of 6-tuples (rotation vector + translation vector) for each view -->
<extrinsic_parameters type_id="opencv-matrix">
  <rows>25</rows>
  <cols>6</cols>
  <dt>d</dt>
  <data>
    -1.2841574496055344e-01 3.0050873211108095e-02
    4.2573565941970660e-03 -3.5611612886603314e+02
    -2.0351585308709946e+02 1.1410148427657389e+03
    -2.6983996942589711e-01 2.5867677139280704e-02
    -4.9060915072949305e-03 -3.4279190814116458e+02
    -7.9791250816669745e+01 1.5868695552047425e+03
    -2.3852872331027650e-01 9.1355946903069862e-02
    7.6502584960152012e-02 -4.5476442468204148e+01
    -1.3092993270516897e+02 1.5414262696623441e+03
    -2.2376191243859950e-01 1.0195454659718382e-01
    6.6794045674130970e-02 -4.7061865193253205e+01
    -2.1810573871706717e+02 1.5314894611668740e+03
    -2.0787465936789629e-01 -4.8036589710965513e-02
    -1.5366490040598302e-01 -6.0987277837477995e+02
    -1.8260620396749729e+02 1.4024279669876557e+03
    -7.7207174210270146e-01 2.1896070319919983e-02
    1.2180906027375817e-02 -2.8072256100074605e+02
    -4.2204460182687285e+01 1.6844867097502633e+03
    -7.2304852728563596e-01 -1.1199247365236806e-01
    -3.5675498410227585e-01 -2.8217226137783547e+02
    -4.7557272997114140e+01 1.6322814931906466e+03
    -6.7517223588553232e-01 -5.6684898786335113e-02
    -2.7865776150066524e-01 -1.1834001787066752e+02
    -1.5842721173240454e+02 1.6299843602082178e+03
    -6.9817751923368498e-01 -2.7373711919465632e-01
    -6.3422298081570827e-01 -3.7848001260539439e+02
    3.9573333705211326e+01 1.6022222876178489e+03
    -8.0533235141306614e-01 2.1852445833989417e-01
    4.2125027364146833e-01 -8.2309383004364591e+01
    -1.9724209023954282e+02 2.0891917419640517e+03
    -7.5550412024246694e-01 2.6469849626559083e-01
    6.0693780736251968e-01 -3.1902108874811972e+02
    -2.7805397638163282e+02 2.0933038459591180e+03
    -8.9108745232973652e-01 4.1419930341171612e-01
    8.2463210974531864e-01 -1.7533961130358568e+02
    -2.6934856876152219e+02 1.6075663630601550e+03
    -8.6685542818181238e-01 5.0472802938244099e-01
    9.2586824172103177e-01 1.7124107894033261e+02
    -2.2381924668702476e+02 1.5864162981942955e+03
    -9.5083639841592993e-01 3.6012408385105843e-01
    7.2366311074762923e-01 -3.9048690485483928e+02
    -1.9855885673308075e+02 1.6026796517853934e+03
    -8.8349081989358735e-01 -3.1213693674738868e-01
    -5.4206416072814256e-01 -4.2218470977167124e+02
    -4.3788791598943071e+01 1.2479692889250773e+03
    -8.2618678525935563e-01 -2.8359299008350874e-01
    -2.0740557247841698e-01 -2.8241312560715102e+02
    -1.9883806170723668e+02 1.3256190501549079e+03
    -9.4297675504164924e-01 -3.3485822654211234e-01
    -2.4793209650139730e-01 -3.5204959846016470e+02
    3.5307449062696719e+01 1.3835726624034216e+03
    -8.2682797371463246e-01 9.5962779181888863e-02
    2.5955473388166200e-01 -2.6461450031662997e+02
    -2.1704830161304145e+02 1.5555427215718698e+03
    -1.0584516088154068e+00 -2.5801915228950180e-02
    -2.6234868599728813e-02 -5.1875619897957506e+02
    -4.6088961545046729e+01 3.0858443016008509e+03
    -1.0009131719339490e+00 2.5105696004480793e-01
    2.1502840611773016e-01 8.4143321204054507e+02
    -1.8830827245332489e+02 3.0409271599540648e+03
    -1.1761473903988053e+00 2.1448869733545084e-01
    1.7406831687035740e-01 6.5256451518639346e+02 4.9743618997691050e+02
    3.0979595432621868e+03 -1.1836921706614580e+00
    -1.4421385513853998e-02 -4.1801461141692843e-02
    -4.7515651307272890e+02 4.8619344976962475e+02
    3.0590293051846829e+03 -1.1483314386385104e+00
    -1.7415763760396283e-01 -1.9517915099939417e-01
    -1.2172010489099123e+03 4.1430615410669498e+02
    2.8359852159609018e+03 -9.8639418252131372e-01
    -1.8450711907903686e-01 -1.0652775064961673e-01
    -1.1014621444504253e+03 -1.6083755085930608e+02
    2.8508290289180572e+03 -8.3905449883863992e-01
    -1.5873331378520772e-01 -1.2788969479222534e-01
    -1.1534306956879961e+03 -6.9752208446589748e+02
    2.7516626139097502e+03</data></extrinsic_parameters>
