<?xml version="1.0"?>
<opencv_storage>
<calibration_time>"Tue Jun  2 14:38:59 2020"</calibration_time>
<nr_of_frames>35</nr_of_frames>
<image_width>640</image_width>
<image_height>360</image_height>
<board_width>9</board_width>
<board_height>6</board_height>
<square_size>75.</square_size>
<fix_aspect_ratio>1.</fix_aspect_ratio>
<!-- flags: +fix_aspectRatio +fix_principal_point +zero_tangent_dist -->
<flags>14</flags>
<fisheye_model>0</fisheye_model>
<camera_matrix type_id="opencv-matrix">
  <rows>3</rows>
  <cols>3</cols>
  <dt>d</dt>
  <data>
    4.9378909956826573e+02 0. 320. 0. 4.9378909956826573e+02 180. 0. 0.
    1.</data></camera_matrix>
<distortion_coefficients type_id="opencv-matrix">
  <rows>5</rows>
  <cols>1</cols>
  <dt>d</dt>
  <data>
    1.7419373268497262e-01 -5.0832485410733752e-01 0. 0.
    3.1275760957948090e-01</data></distortion_coefficients>
<avg_reprojection_error>3.6149631385772729e-01</avg_reprojection_error>
<per_view_reprojection_errors type_id="opencv-matrix">
  <rows>35</rows>
  <cols>1</cols>
  <dt>f</dt>
  <data>
    4.18386966e-01 5.42261839e-01 4.72110689e-01 1.21074647e-01
    1.69122398e-01 3.43898684e-01 1.65825576e-01 3.84506315e-01
    1.91923812e-01 2.92242140e-01 2.09400371e-01 2.33762130e-01
    2.22397014e-01 3.18159431e-01 3.63121599e-01 1.61557570e-01
    6.28439426e-01 3.67713422e-01 3.52571607e-01 3.26377332e-01
    2.97004044e-01 1.87268123e-01 8.17498714e-02 8.73887986e-02
    1.41736001e-01 2.07713544e-01 7.20382035e-02 1.63135856e-01
    4.58017737e-01 3.81526649e-01 1.08241469e-01 2.89966583e-01
    1.22129548e+00 1.99287489e-01 1.98794931e-01</data></per_view_reprojection_errors>
<!-- a set of 6-tuples (rotation vector + translation vector) for each view -->
<extrinsic_parameters type_id="opencv-matrix">
  <rows>35</rows>
  <cols>6</cols>
  <dt>d</dt>
  <data>
    -7.8378072392395448e-01 -1.4027443621124980e-01
    -2.5160524986763511e-01 -3.0796659865680056e+02
    -1.1339940687938646e+02 1.1211757617444050e+03
    -8.2942278126048363e-01 -1.1088631177898619e-02
    -2.0192783510575376e-02 -3.0258058548761051e+02
    -1.1565821360237723e+02 1.1662598216947576e+03
    -7.8589704481109535e-01 1.4247348417608616e-01
    2.7161802873952007e-01 -2.9589480209219909e+02
    -2.1581706468870647e+02 1.2461019977905121e+03
    -7.7700204526702854e-01 2.4868993770413855e-01
    5.8049343779788221e-01 -2.5562342314958698e+02
    -3.0828216584140284e+02 1.3418895107572648e+03
    -7.5576325351018159e-01 3.8621953256905400e-01
    9.1895563186777984e-01 -1.4028745956205705e+02
    -3.3074030685497911e+02 1.3528525329900392e+03
    -6.8843824200582482e-01 5.2183222316099120e-01
    1.2966622199301900e+00 2.8380752119056609e+01
    -2.9878134663184665e+02 1.2645400504319989e+03
    -5.6765772883463861e-01 6.8739200479571372e-01
    1.5892287428104246e+00 1.9368555297101210e+02
    -2.7760283963347962e+02 1.2443324808449404e+03
    -4.5471817298655587e-01 8.4341133282046621e-01
    2.0441385147107973e+00 3.2967552950750218e+02
    -1.8830095685784605e+02 1.1431146267255240e+03
    -2.7379758165700230e-01 1.0532410701003558e+00
    2.4505518690847552e+00 3.4037551452078975e+02
    -5.4498591687592508e+01 1.0386893621112431e+03
    -8.9868111664454325e-02 1.1409780367713951e+00
    2.8472370195481731e+00 3.1530739987726434e+02 4.6724873577098492e+01
    8.4512823456619913e+02 -2.0745655371535349e-01
    -1.0173826906413073e+00 -2.6455181755934332e+00
    1.7691890533057020e+02 1.1326417835328557e+02 7.4660054075239475e+02
    -3.9808363588440643e-01 -8.8475452789858244e-01
    -2.1450784110645027e+00 1.1057396327120109e+01
    1.4051358738566336e+02 7.6172475990461714e+02
    -5.3243451515609075e-01 -7.3887417533119415e-01
    -1.7238751431759807e+00 -1.0687139032067181e+02
    1.4381283643445954e+02 7.7364234625046458e+02
    -6.6176599882471498e-01 -6.2582793926579772e-01
    -1.4828667451092701e+00 -2.2626606946579389e+02
    1.5546285146887288e+02 8.0353256092370498e+02
    -6.7330983193465777e-01 -3.6182175264361854e-01
    -8.8204991320683024e-01 -3.2836203307183320e+02
    1.8490835539502960e+01 9.8910987665917241e+02
    -7.1342898295527046e-01 -2.2279121930950993e-01
    -2.6074076107946886e-01 -3.5417823990589847e+02
    -1.3012623508397385e+02 1.0555082797069153e+03
    -4.9830938074473091e-01 1.8247792923406888e-02
    4.4716413070893676e-02 -2.9440657889740407e+02
    -2.2621059383072875e+02 9.3548896772584135e+02
    -2.7650080693325602e-01 -2.6130593127409014e-03
    2.2454585209790875e-02 -3.1608729898992874e+02
    -1.9075529263770164e+02 9.2097753193712970e+02
    -2.3942003375016907e-01 4.0760182145487180e-03
    2.1484632272614670e-02 -3.0739099753927695e+02
    -1.9266547525176716e+02 9.8478983160490395e+02
    -3.6180702310619478e-01 -5.5194731594274300e-04
    -4.5117220999513459e-03 -3.2033521250322781e+02
    -1.9949464135403770e+02 8.9545457571076565e+02
    -4.3151981661642347e-01 -9.2886143139621399e-03
    -2.1372224382127414e-01 -3.0097266254713509e+02
    -1.4223581061438011e+02 1.0198611250903978e+03
    -6.1615685067065673e-01 8.7841746557199965e-02
    4.8129042852553094e-01 -2.2859412108946137e+02
    -2.8422782237463804e+02 1.2836237686395341e+03
    -6.0775502959000949e-01 2.0750651442927509e-01
    8.5047060050698597e-01 -1.5871702218842154e+02
    -3.3024124074403005e+02 1.3061427512978260e+03
    -5.9518653600410920e-01 3.7709471921937743e-01
    1.3915448775424488e+00 7.5438247829482004e+00
    -2.8074500197847374e+02 1.3584221628059674e+03
    -5.6488952937348569e-01 4.8300486940601245e-01
    1.6232897940511570e+00 2.9919158855423341e+01
    -2.5281359613039996e+02 1.3322306282598427e+03
    -4.8157178827320118e-01 4.6961888322304102e-01
    1.6017764341959060e+00 3.3842224679850301e+02
    -2.9712721586851717e+02 1.2979135427371161e+03
    -4.9809754354716018e-01 4.4395219780721107e-01
    1.5335133007960755e+00 1.1527254976805801e+02
    -3.1180647404362884e+02 1.2925893777144624e+03
    -3.8703297848190199e-01 8.3228350512060523e-01
    2.5191378115623402e+00 2.1195297439838708e+02
    -5.2572260530466956e+01 1.1306320775794702e+03
    -9.4032962663573874e-02 9.9117181429464662e-01
    2.9559048627343527e+00 4.6252485654291411e+02 9.3838258169961094e+01
    9.7151831124545913e+02 -2.2401079273424621e-02
    -1.0618320141724029e+00 -2.9386572780291700e+00
    2.7340617915093117e+02 1.1760479742203572e+02 9.6178050705351939e+02
    -1.5579350443840087e-01 -9.0654968590940621e-01
    -2.5772582950643623e+00 1.1222838360029694e+02
    1.6745683130789098e+02 8.9510493617945838e+02
    -3.6290105683326562e-01 -8.1771742701738004e-01
    -2.0743314016072967e+00 -6.5454666625039437e+01
    1.7201900037292270e+02 9.0193290405023174e+02
    -5.2064760316699066e-01 1.1360016000726458e+00
    2.0859701899643688e+00 3.1092957273257815e+02
    -1.3603605783594242e+02 9.5557480592045351e+02
    -2.6489393605976980e-01 9.9709082195343213e-01
    2.4486039916514670e+00 3.4682704536002217e+02
    -7.8457101890283241e+01 1.0329358820416489e+03
    -8.7839716038636251e-01 3.8778984974467284e-01
    7.3416161619682196e-01 -1.7737083884230094e+02
    -2.8082238750336666e+02 1.2196133675081385e+03</data></extrinsic_parameters>
